atoms
5
1
1
1

centers
-2.3660334159, 1.2874481431, 0.0000000000
-1.1849170918, 1.2874481431, 0.0000000000
-2.9565915780, 0.3116992476, -0.3069053948                 
-2.9565915780, 2.2631970385, 0.3069053948

alpha
0.4879111318E+02, 0.8887362172E+01, 0.2405267040E+01
0.2236956142E+01, 0.5198204999E+00, 0.1690617600E+00
0.2236956142E+01, 0.5198204999E+00, 0.1690617600E+00
0.2236956142E+01, 0.5198204999E+00, 0.1690617600E+00
0.2236956142E+01, 0.5198204999E+00, 0.1690617600E+00

0.3425250914E+01, 0.6239137298E+00, 0.1688554040E+00

0.3425250914E+01, 0.6239137298E+00, 0.1688554040E+00

0.3425250914E+01, 0.6239137298E+00, 0.1688554040E+00

coefficients
0.1543289673E+00, 0.5353281423E+00, 0.4446345422E+00
-0.9996722919E-01, 0.3995128261E+00, 0.7001154689E+00
0.1559162750E+00, 0.6076837186E+00, 0.3919573931E+00
0.1559162750E+00, 0.6076837186E+00, 0.3919573931E+00
0.1559162750E+00, 0.6076837186E+00, 0.3919573931E+00

0.1543289673E+00, 0.5353281423E+00, 0.4446345422E+00

0.1543289673E+00, 0.5353281423E+00, 0.4446345422E+00

0.1543289673E+00, 0.5353281423E+00, 0.4446345422E+00

momenta
0, 0, 0
0, 0, 0
1, 0, 0
0, 1, 0
0, 0, 1

0, 0, 0

0, 0, 0

0, 0, 0

*