atoms
6
1
1
1
1

centers
-0.1804272226, 1.1757715422, -0.0000010506
0.9117721545, 1.1757776219, 0.0000005636
-0.5444915287, 0.5819670174, 0.8412794523
-0.5444898708, 0.7440999853, -0.9348901153
-0.5444996148, 2.2012414385, 0.0936058582

alpha
0.7161683735E+02, 0.1304509632E+02, 0.3530512160E+01
0.2941249355E+01, 0.6834830964E+00, 0.2222899159E+00
0.2941249355E+01, 0.6834830964E+00, 0.2222899159E+00
0.2941249355E+01, 0.6834830964E+00, 0.2222899159E+00
0.2941249355E+01, 0.6834830964E+00, 0.2222899159E+00

0.3425250914E+01, 0.6239137298E+00, 0.1688554040E+00

0.3425250914E+01, 0.6239137298E+00, 0.1688554040E+00

0.3425250914E+01, 0.6239137298E+00, 0.1688554040E+00

0.3425250914E+01, 0.6239137298E+00, 0.1688554040E+00

coefficients
0.1543289673E+00, 0.5353281423E+00, 0.4446345422E+00
-0.9996722919E-01, 0.3995128261E+00, 0.7001154689E+00
0.1559162750E+00, 0.6076837186E+00, 0.3919573931E+00
0.1559162750E+00, 0.6076837186E+00, 0.3919573931E+00
0.1559162750E+00, 0.6076837186E+00, 0.3919573931E+00

0.1543289673E+00, 0.5353281423E+00, 0.4446345422E+00

0.1543289673E+00, 0.5353281423E+00, 0.4446345422E+00

0.1543289673E+00, 0.5353281423E+00, 0.4446345422E+00

0.1543289673E+00, 0.5353281423E+00, 0.4446345422E+00

momenta
0, 0, 0
0, 0, 0
1, 0, 0
0, 1, 0
0, 0, 1

0, 0, 0

0, 0, 0

0, 0, 0

0, 0, 0

*