atoms
1
1
1
7

centers
-1.07740076, 3.75851792, 0.00000000
-2.43739706, 3.23293814, -0.80533746
-2.43740169, 4.71874883, -0.05249719
-2.09740076, 3.75851792, 0.00000000

alpha
0.3425250914E+01, 0.6239137298E+00, 0.1688554040E+00

0.3425250914E+01, 0.6239137298E+00, 0.1688554040E+00

0.3425250914E+01, 0.6239137298E+00, 0.1688554040E+00

0.9910616896E+02, 0.1805231239E+02, 0.4885660238E+01
0.3780455879E+01, 0.8784966449E+00, 0.2857143744E+00
0.3780455879E+01, 0.8784966449E+00, 0.2857143744E+00
0.3780455879E+01, 0.8784966449E+00, 0.2857143744E+00
0.3780455879E+01, 0.8784966449E+00, 0.2857143744E+00

coefficients
0.1543289673E+00, 0.5353281423E+00, 0.4446345422E+00

0.1543289673E+00, 0.5353281423E+00, 0.4446345422E+00

0.1543289673E+00, 0.5353281423E+00, 0.4446345422E+00

0.1543289673E+00, 0.5353281423E+00, 0.4446345422E+00
-0.9996722919E-01, 0.3995128261E+00, 0.7001154689E+00
0.1559162750E+00, 0.6076837186E+00, 0.3919573931E+00
0.1559162750E+00, 0.6076837186E+00, 0.3919573931E+00
0.1559162750E+00, 0.6076837186E+00, 0.3919573931E+00

momenta
0, 0, 0

0, 0, 0

0, 0, 0

0, 0, 0
0, 0, 0
1, 0, 0
0, 1, 0
0, 0, 1

*